300 500 50
57 12 5
125 114 3
52 279 2
216 16 1
47 111 4
258 13 9
101 279 7
112 229 10
142 3 3
216 174 5
79 110 6
52 47 7
49 183 6
135 22 8
274 63 7
40 282 5
185 295 4
35 23 4
148 40 4
51 194 5
232 186 3
189 181 4
136 36 10
87 273 4
83 236 7
138 285 4
166 28 4
16 161 7
137 33 4
290 161 4
255 202 8
73 135 3
126 287 9
134 299 7
298 204 6
112 70 9
252 46 1
56 78 3
216 32 7
195 239 9
128 283 1
58 274 5
174 57 5
222 80 8
1 134 9
91 259 2
152 259 10
101 78 6
82 276 9
0 165 8
9 57 12
157 122 2
123 290 3
43 248 3
272 64 5
243 281 6
135 270 20
216 108 18
102 159 13
191 224 17
231 61 8
115 32 11
10 283 8
112 3 3
30 117 3
16 169 3
263 121 9
248 109 18
67 292 19
242 124 16
208 97 4
49 220 12
216 210 15
27 50 2
206 173 4
127 98 7
274 229 5
216 93 9
236 127 3
226 281 4
25 276 1
47 121 6
208 248 16
109 205 2
84 194 1
199 135 15
146 216 18
249 79 7
151 111 2
296 277 2
160 29 2
299 244 17
271 80 2
260 41 6
35 34 8
206 61 19
126 296 20
20 41 14
298 289 17
161 133 7
160 122 9
202 67 10
234 161 3
4 234 20
288 51 3
275 109 17
135 67 12
35 125 12
145 80 15
278 154 20
270 4 18
153 53 5
135 59 4
283 79 9
144 107 11
104 135 17
250 128 2
47 216 9
22 1 11
66 134 6
226 282 14
287 4 4
38 76 18
18 189 19
282 75 14
65 21 10
186 20 12
107 127 4
181 286 14
79 121 6
90 211 1
91 170 14
127 136 6
55 195 2
240 113 7
235 179 10
116 114 1
98 204 11
142 35 9
179 260 13
274 169 1
59 133 6
297 135 2
55 222 12
160 223 20
261 59 13
295 97 9
22 223 1
266 275 7
186 220 3
169 160 4
153 259 10
209 167 13
151 283 5
98 215 13
89 291 10
207 280 1
155 146 7
220 296 20
164 238 15
226 109 17
242 86 3
145 263 20
171 47 8
158 115 7
75 12 2
125 243 20
37 233 14
294 99 13
253 204 8
75 2 4
217 112 6
265 237 2
285 127 4
233 68 15
271 286 20
162 226 20
258 218 18
228 81 16
230 132 8
141 266 16
122 140 15
39 146 8
139 171 11
276 41 5
77 118 13
78 109 3
212 208 11
277 238 14
31 105 14
199 299 1
294 194 16
3 180 10
199 214 18
279 112 16
112 139 14
248 14 13
172 207 6
239 65 20
273 13 13
288 13 3
219 69 15
93 25 9
194 167 7
232 167 11
194 142 14
129 41 16
9 276 2
179 114 3
20 15 8
102 10 20
78 122 5
242 58 19
111 238 9
188 85 20
58 83 10
55 296 1
159 294 13
203 101 3
124 52 10
61 289 2
177 272 14
189 35 17
174 6 14
250 54 14
185 235 5
222 90 17
138 275 16
238 223 19
137 165 8
44 142 15
124 237 19
194 172 1
253 166 6
249 108 12
132 174 9
141 284 1
264 97 3
123 208 16
284 123 16
251 229 1
47 150 8
207 124 10
297 188 16
283 271 12
217 281 11
180 232 9
156 128 8
61 98 11
61 274 6
98 110 16
141 268 20
144 51 7
151 116 12
91 154 1
273 64 9
23 27 18
149 64 16
52 6 19
145 240 16
225 174 6
26 129 16
58 33 13
251 37 19
27 77 5
288 155 3
127 60 18
213 115 17
194 230 15
152 219 10
291 30 20
50 106 7
135 41 6
122 88 18
38 80 1
209 230 20
240 149 2
118 147 10
232 36 8
135 101 14
58 278 8
76 136 5
36 30 6
157 291 10
224 63 15
155 206 9
256 276 16
224 41 20
20 221 11
128 13 3
117 294 19
10 137 19
20 89 16
265 226 9
92 299 14
251 46 16
178 209 11
164 53 6
168 210 16
147 205 18
18 232 3
161 129 11
59 206 17
0 277 15
211 27 7
265 185 20
255 226 2
104 136 18
67 147 15
248 62 1
122 81 10
282 7 18
208 47 8
58 236 4
78 255 10
260 139 14
247 241 8
233 282 5
196 97 20
260 69 3
141 212 11
259 136 1
144 152 19
296 250 5
228 275 16
176 170 18
278 193 15
164 96 8
292 196 8
210 22 11
242 195 13
77 253 2
64 257 19
169 51 15
51 269 15
7 73 14
79 38 16
135 173 20
203 41 11
273 194 11
249 277 2
35 120 10
116 46 14
50 51 15
85 153 1
23 166 2
150 183 12
220 74 8
271 210 19
92 87 6
40 195 20
123 254 19
73 118 15
130 235 9
4 238 10
279 80 3
226 176 19
153 217 9
233 154 7
196 247 4
121 195 19
183 294 10
151 11 13
140 4 19
25 254 10
117 180 8
97 128 5
49 20 10
225 17 19
186 67 3
151 167 14
89 102 5
276 187 17
256 139 6
131 246 10
173 58 15
38 72 8
203 285 12
46 202 1
135 274 4
232 188 9
299 195 12
55 119 16
12 287 11
113 32 15
154 209 4
71 23 2
155 252 4
49 120 18
69 198 15
189 276 14
79 212 4
250 208 9
16 189 7
120 185 4
188 278 12
31 203 9
97 62 15
46 108 20
10 25 11
124 64 19
105 35 18
106 110 8
168 75 20
1 141 5
66 276 9
89 56 1
67 7 12
121 165 1
89 135 2
64 215 17
58 32 16
229 185 17
55 231 17
113 22 17
154 234 1
31 245 13
218 55 16
227 37 3
164 75 3
64 140 20
299 280 11
195 271 10
232 258 20
220 50 4
282 110 14
231 116 14
173 232 13
212 48 11
218 160 9
191 78 16
34 46 3
47 221 4
190 66 18
30 287 18
168 62 14
181 216 2
147 159 12
53 295 17
108 79 16
114 55 12
284 188 4
142 293 8
219 287 20
285 13 20
136 14 6
139 158 11
179 3 6
73 289 13
35 72 1
46 271 7
192 214 15
174 80 12
159 166 19
43 26 5
80 25 3
139 226 14
248 226 14
139 110 17
58 176 14
56 145 19
249 269 10
23 112 13
28 3 7
154 108 5
130 148 11
61 3 16
220 89 5
194 272 8
256 286 12
36 203 2
223 9 15
39 160 19
219 293 13
213 148 4
207 10 11
87 235 12
45 223 4
124 223 19
205 268 3
202 158 11
113 170 6
39 261 4
271 261 7
178 179 5
120 52 5
131 101 6
78 38 6
252 237 19
296 229 19
165 161 5
225 34 16
226 155 9
28 180 17
37 158 15
231 19 2
188 146 3
46 259 13
236 297 18
21 230 19
96 164 20
243 256 5
31 230 4
175 43 17
88 20 8
268 267 20
81 186 12
144 198 14
173 26 11
33 168 4
285 197 10
129 76 11
41 298 5
179 158 13
66 43 10
286 192 11
65 269 3
216 260 12
9 185 10
92 109 11
248 98 8
70 79 3
151 51 17
276 269 2
172 67 20
192 78 6
92 84 15
22 210 12
121 227 20
145 229 8
273 122 10
240 99 12
292 225 15
144 195 17
270 214 6
102 70 9
26 246 12
283 52 17
63 145 3
82 139 15
262 75 14
46 113 15
178 13 14
27 202 17
191 120 13
41 191 8
14 163 4
171 74 5
19 146 16
71 240 15
